SplineFontDB: 3.2
FontName: HayghinDaedric-Dozenal
FullName: Hayghin Daedric Dozenal
FamilyName: Hayghin Daedric Dozenal
Weight: Medium
Copyright: 2013-2022, Georg A. Duffner & M. Millar
Version: 1.2
ItalicAngle: 0
UnderlinePosition: -102
UnderlineWidth: 51
Ascent: 819
Descent: 205
InvalidEm: 0
LayerCount: 2
Layer: 0 0 "Back" 1
Layer: 1 0 "Fore" 0
XUID: [1021 195 2025089841 5721188]
FSType: 0
OS2Version: 0
OS2_WeightWidthSlopeOnly: 0
OS2_UseTypoMetrics: 1
CreationTime: 1371245471
ModificationTime: 1645510062
PfmFamily: 17
TTFWeight: 500
TTFWidth: 5
LineGap: 92
VLineGap: 0
OS2TypoAscent: 0
OS2TypoAOffset: 1
OS2TypoDescent: 0
OS2TypoDOffset: 1
OS2TypoLinegap: 92
OS2WinAscent: 0
OS2WinAOffset: 1
OS2WinDescent: 0
OS2WinDOffset: 1
HheadAscent: 0
HheadAOffset: 1
HheadDescent: 0
HheadDOffset: 1
OS2FamilyClass: 2575
OS2Vendor: '    '
MarkAttachClasses: 1
DEI: 91125
LangName: 1033
Encoding: UnicodeFull
Compacted: 1
UnicodeInterp: none
NameList: AGL For New Fonts
DisplaySize: -96
AntiAlias: 1
FitToEm: 1
WinInfo: 20 10 5
BeginPrivate: 0
EndPrivate
Grid
-66.5595703125 -92.16015625 m 25
 1094.65625 -92.16015625 l 1049
-103.423828125 716 m 29
 1115.13574219 716 l 1053
EndSplineSet
TeXData: 1 0 0 346030 173015 115343 0 1048576 115343 783286 444596 497025 792723 393216 433062 380633 303038 157286 324010 404750 52429 2506097 1059062 262144
EndSplineFont
